3327 3326
3326 3325
3471 3238
3471 3327
3238 3237
3328 3238
2961 3325
3523 3328
3237 3236
3470 3469
3236 3235
3235 3524
3174 3173
3524 3523
1 0
2962 2961
2 1
3234 3233
3234 3524
3472 3471
3469 3468
3 2
3473 3472
4805 3523
3233 3232
4 3
4806 4805
5 0
4961 4971
4807 4806
4962 4961
3173 3172
3468 3467
4971 4960
4971 4970
4967 4
4967 4966
4963 4962
4960 4959
4937 4807
4937 4936
4959 4958
4964 4963
4966 4921
4966 4965
4958 4957
4926 4937
4926 4925
4965 4964
4972 4865
4808 4926
4809 4808
4809 4865
4957 4972
4936 4802
4803 4802
4925 4803
4925 4924
4867 4866
4924 4923
5006 4961
5006 5005
4866 4865
4935 4802
4935 4828
4935 4934
4934 4933
5005 5004
4828 4827
4933 4922
5004 5003
4923 4922
4868 4845
4868 4867
4845 4932
4827 4826
4869 4845
4869 4922
5003 5002
3049 3048
4824 4869
5015 5014
5002 5000
3232 3231
4970 4969
3467 3525
4932 4824
4921 4920
3474 3473
4825 4824
4826 4825
5014 5013
3525 3466
3525 3524
4920 4919
4969 5013
4919 4995
4918 4917
4918 5013
4889 4888
4968 4918
4968 4972
3231 3230
4995 4994
6 5
6 7
4917 4916
4884 4932
4884 4888
5001 5000
2963 2962
4973 4968
4973 4992
4916 4915
3048 3007
3007 3241
4883 3048
4883 4888
4883 5008
4915 4940
3230 3229
4940 4946
61 7
4844 4884
4844 4850
5008 4852
4852 4815
4852 4851
3172 3171
4874 4940
4874 4896
4874 5001
4815 4814
4872 4871
4872 4992
4871 5009
4851 4850
3229 3006
3229 3241
3229 3239
3262 3005
4896 4956
4850 4849
4849 4848
4814 4813
4810 4814
4994 4993
3006 3262
4946 4945
4946 5009
4811 4810
3475 3474
5010 5009
62 61
3243 3242
3243 3466
4956 4870
3005 3243
235 234
4848 4847
4914 4993
4914 4956
5011 5010
236 235
4878 4877
4878 4946
4878 4897
4945 4944
4993 4950
234 233
4847 4974
230 279
5012 5011
231 230
4974 4872
4897 4896
280 279
4813 4812
233 232
232 231
237 236
2955 2954
2955 3239
4942 4941
4856 4846
4856 4951
281 280
4913 4912
4913 4993
4812 4811
4846 4906
4870 4941
4870 4897
4944 4943
3526 3005
3526 3054
4912 4911
2954 3355
4943 4942
238 237
4906 4882
4906 4905
282 281
4882 4804
4952 4951
3202 3199
3202 3201
4953 4952
2964 2963
239 238
4904 4903
4975 4974
4905 4904
3053 3242
3201 3200
3200 3199
4954 4953
4903 4902
3203 3199
289 61
3288 3433
3289 3288
3289 3288
4911 4910
283 282
240 239
4976 4975
4875 4955
4902 4939
4804 4902
4939 4955
4955 4954
4938 4804
4938 4976
241 240
3355 3290
3355 3354
3346 3433
3301 3203
3301 3390
3301 3346
3476 3475
3171 3170
4977 4927
4977 4976
4950 4949
4910 4909
284 283
4909 4908
3054 3053
229 62
229 228
3290 3271
3290 3390
3477 3476
4899 4898
4900 4899
3657 3656
4908 241
63 229
180 63
180 179
3329 3354
3494 3497
3495 3494
4927 4898
4901 4900
221 63
221 133
3496 3495
228 227
3497 3496
164 221
164 163
179 165
179 178
133 165
133 180
262 164
262 261
4949 4928
4978 4816
4978 4927
285 284
4876 4875
3330 3329
178 177
178 219
134 262
134 166
242 170
242 4908
3170 3169
227 226
165 220
3656 3655
177 176
177 218
220 163
220 219
3331 3330
173 172
176 217
176 278
163 261
226 143
219 218
226 225
286 285
3225 3223
3224 3223
3225 3291
3291 3498
3498 3497
3226 3498
3227 3226
143 142
172 171
3527 3054
3332 3331
3228 3227
4887 5021
4887 4898
4887 4901
5021 5020
278 130
278 277
3271 2953
3271 3228
3271 3270
166 261
218 217
171 170
4996 4816
277 143
277 276
4795 4794
174 173
174 210
4796 4795
130 129
4791 4790
4792 4791
217 250
141 225
3270 3269
4928 4821
4928 5021
4892 4794
3655 3315
243 170
142 140
142 225
4893 4793
4893 4892
4799 4798
4794 4797
250 130
250 216
4797 4796
4793 4792
4800 4799
3333 3269
3333 3332
4891 4797
4891 4831
4790 4793
3169 3653
4894 4790
129 185
4821 4863
4821 4829
4787 4786
4979 4996
276 185
287 286
4788 4787
4895 4879
4895 4894
5020 5019
3269 3157
4879 4786
4798 4831
4798 4801
4786 4789
4801 4800
185 216
4789 4788
3478 3477
3119 3117
3118 3117
3119 3118
2953 3487
3206 3205
3479 3478
3316 2964
3316 3315
3207 3204
3207 3206
3205 3204
216 140
5007 4789
5007 4979
4890 4801
5019 4830
290 289
4863 4862
3450 3448
3449 3448
3449 3450
244 243
3487 3208
3654 3315
3654 3653
4832 4831
4832 4931
291 290
3168 3167
3168 3653
3322 3122
3322 4890
288 122
288 287
3120 3117
4880 4879
3121 3120
2952 3324
2952 3487
254 253
292 291
4830 4829
253 252
3157 3484
3208 3204
5018 4830
5018 5017
252 251
4980 5007
255 254
3122 3121
3486 3208
3486 3485
4829 4820
3485 3448
3485 3484
251 256
4929 4863
256 255
245 244
245 4930
210 107
4862 4861
105 104
106 105
104 103
4833 4931
4833 4841
103 102
107 106
3528 3527
175 210
3323 3122
4861 4886
3480 3479
102 101
4881 4841
4881 4880
4930 4929
5017 5016
4999 4998
3324 3287
3324 3323
3167 3482
100 107
4834 4841
101 100
101 206
4842 4873
4842 4881
4843 4873
4843 4980
3287 3286
3287 3606
209 206
209 208
3175 3167
3286 3285
4820 4885
207 206
3285 3284
3481 3480
208 207
3176 3175
3529 3528
3282 3484
3284 3283
246 188
246 4930
3283 3282
3024 3282
4835 4834
3177 3176
3530 3529
4981 4843
4998 4997
3178 3177
3178 3356
3482 3481
3356 3182
293 151
293 292
3546 3545
2965 3316
2949 2948
2949 3482
3547 3546
3545 3549
3549 3548
188 169
3548 3547
150 83
4836 4835
3531 3530
4982 4981
4885 4864
4885 4997
3606 2951
3606 3550
3550 3549
3605 3114
3605 3268
3605 3550
3179 3356
4837 4836
257 189
257 256
247 147
247 188
2948 3516
4838 4837
3483 2947
3624 3114
3624 3263
3624 3604
3603 3024
3603 3025
2947 3123
3604 3603
3516 3483
151 175
169 168
4886 4860
4886 4997
4839 4838
4983 4840
4983 4855
4983 4982
3517 3516
4855 4854
4855 5016
189 169
4840 4839
3518 3517
3123 3563
4864 4819
4864 5016
294 151
3532 3531
3180 3158
3180 3179
2951 3140
3461 3025
3461 3460
3138 3137
3460 3459
3519 3256
3519 3518
4987 4819
3137 3136
149 83
149 118
149 148
3139 3136
3139 3138
119 83
4984 4840
3268 3267
3263 3459
295 294
3459 3458
108 117
4988 4853
4988 4987
120 119
118 117
3256 3023
121 119
121 120
3563 3562
3158 2965
3182 3181
146 187
147 146
147 204
3140 3136
3140 3214
3623 3027
3623 3263
168 167
187 224
117 116
167 189
3334 3296
3334 3461
4860 4859
145 144
145 224
3216 3215
4854 4948
3267 3026
3458 3457
3584 3216
3584 3307
4985 2988
4985 4984
258 82
258 167
3215 3214
2946 3563
2946 2945
296 82
296 295
4948 4947
109 108
152 151
3692 3693
3622 3027
3622 3621
3266 3026
3266 3265
4853 4948
3294 2950
3294 3146
3294 3214
3457 3456
3255 3023
3255 3254
3562 3490
45 293
3694 2945
3694 3532
3694 3692
3181 3180
4989 4853
110 109
153 152
3637 3123
3637 3636
3146 3145
3146 3265
4986 2988
3297 3296
2966 3158
3296 3456
2945 3191
3254 3253
3295 3265
3298 3297
3490 3197
3490 3489
4990 4989
3147 3191
3253 3637
3613 3295
116 115
3456 3558
3437 3147
3437 3197
3437 3436
3621 3613
3558 3557
3558 3621
297 82
111 110
297 205
4817 4947
4817 4986
204 144
3507 2987
3507 4986
3533 2945
3533 3300
115 114
3299 3280
3299 3298
3191 3435
3452 3451
3280 3276
112 111
154 153
4907 4947
259 82
3453 3451
3636 3635
205 144
205 249
3197 3680
260 259
3557 3556
3489 3488
3680 3614
265 263
265 264
3145 3305
3300 3280
3435 3434
3635 3447
3635 3488
3454 3453
264 263
3159 3181
4991 4823
4991 4859
4991 4907
4991 4990
2987 2998
3277 3276
3335 3296
266 263
113 112
3447 3148
114 113
3278 3277
3534 3300
3279 3276
3279 3278
3681 3680
3710 3018
3710 3454
3710 3507
3614 3434
3149 3148
3149 3488
3305 3304
3305 3384
4859 4858
3556 3555
3634 3149
3634 3633
3057 3056
2967 2966
267 266
4680 4679
3160 3159
3304 3303
3555 3554
3434 3619
3615 3614
3554 3051
3554 3553
268 267
3553 3552
4679 148
3552 3551
4818 86
4818 4859
148 4695
3303 3050
3616 3615
3056 3402
3535 3534
3402 3401
3551 3335
3633 3632
3384 3144
3051 3050
269 154
248 204
269 268
86 85
3398 3402
4823 4822
5024 5114
5024 0
3357 3155
3357 3182
3401 3400
3536 3535
3632 3631
4695 4694
2986 2991
2986 2998
2999 2998
4681 4680
249 248
3619 3156
3619 3618
4822 3000
3050 3310
85 84
3321 3320
3321 3398
3336 3551
3144 3143
3631 3630
3618 3617
3688 3536
3688 3684
3000 2992
3000 2999
3583 3055
3583 3307
3617 3616
3018 3052
3508 3018
3156 3321
4644 4681
3143 3142
4491 4245
4491 4695
84 275
3055 3511
3414 3156
3509 3508
3630 3629
3687 3684
3687 3686
4682 4644
3685 3684
3510 3509
4245 4757
4245 4429
2950 3141
3310 3337
3052 3432
2991 3019
3686 3685
4683 4534
4683 4682
3625 3385
3625 3414
3511 3510
3537 3688
3629 3628
4734 4682
155 269
4684 4534
3142 3141
3626 3625
5114 5054
3628 3627
298 249
298 275
3627 3626
4858 4857
4735 4734
2992 2991
4857 3004
3400 3272
3538 3537
3141 3598
3337 3302
3337 3336
3155 3349
4429 4614
4429 4521
3539 3538
4519 4561
4519 4684
3598 3047
3598 3511
5054 5053
3320 3319
3311 3310
3432 3431
3540 3539
3019 2985
3019 3052
275 186
4736 4735
3599 3598
3455 3272
3455 3399
4637 4636
3679 2967
5053 5052
3319 3318
3004 2989
3349 3348
3415 3068
3415 3385
5115 5114
5115 5145
5073 5144
5073 5054
5073 5072
4737 4736
4737 4739
46 45
4521 4520
4521 4741
4248 4561
3348 3347
299 203
299 275
3645 3644
3347 3388
2985 3164
3068 3067
3644 3160
3541 3540
3318 3317
3388 3387
4685 4248
4685 4329
5052 5051
3600 3599
3047 3046
3047 3664
3221 3441
3222 3221
3441 3399
3441 3440
2989 2976
2989 3019
274 186
3399 3438
0 5045
3700 3036
4492 4231
4492 4741
3699 3036
3699 3698
3067 3066
5144 5139
5144 5143
3701 3281
3701 3700
3438 3573
5084 5083
5084 5115
3698 3349
3698 3697
4177 4176
4177 4636
3702 3281
3573 3572
3065 3217
3065 3068
3220 3573
3220 3317
2976 2975
4638 4177
3703 3075
3703 3702
5050 5049
5050 5083
5083 5051
5051 5072
156 155
3219 3218
3219 3317
3003 2989
3003 3002
3218 3217
2984 3164
2984 3016
3431 3164
3431 3602
4686 4329
2990 2976
3639 3638
3217 3669
3046 3045
3640 3639
3601 3600
3387 3696
3697 3696
3066 3065
4196 4739
4196 4488
2995 2994
195 2990
3542 3541
5139 5069
5139 5138
4231 4612
2996 2993
2996 2995
3642 3638
2994 2993
3075 3252
196 195
5072 5143
3643 3022
3643 3642
3643 3644
131 139
3572 3569
4687 4347
4687 4638
4687 4686
3016 2983
3696 3506
4168 4231
3641 3638
3641 3640
3669 3665
3045 3044
3306 3222
3306 3663
3422 3664
4347 4526
3512 3422
3666 3665
3261 3260
3261 3663
2968 3679
273 186
273 223
3570 3569
197 196
3543 3512
3543 3542
3439 3438
3667 3666
5045 5049
3440 3502
4488 4486
4488 4694
3502 3499
3502 3501
2983 2997
3251 3250
3499 3439
3571 3569
3571 3570
3668 3665
3668 3667
3044 3043
2997 2993
3250 3249
5069 5068
3544 3512
3544 3543
2982 2981
2982 2997
3501 3500
3249 3248
3252 3251
3500 3499
198 197
2975 2974
5058 5057
5058 0
5058 5158
4614 4520
4614 4756
199 198
4348 4175
4348 4347
3602 3601
200 199
201 200
3260 3259
3248 3252
202 201
3002 3001
4175 4738
4175 4236
5060 5059
5060 5143
5060 5138
3043 3042
3416 3669
203 139
203 202
4757 4756
4487 4486
3704 3075
2981 3001
3576 3360
3576 3575
5057 5056
3360 3465
2969 2968
3417 3416
3705 3704
3389 3022
3001 2980
127 98
132 99
132 131
3423 3257
3423 3544
3042 3041
4694 4272
3465 3464
5082 5081
5082 5138
4738 4196
5044 5049
215 162
215 223
5142 5116
5142 5141
3706 3705
3041 3602
5068 5067
5158 5157
5056 5055
3008 3358
3008 3041
3418 3417
272 215
272 271
3259 3258
3359 3358
3359 3465
300 203
300 222
157 156
5102 5055
5102 5101
99 98
3575 3397
5081 5066
5067 5066
139 128
3258 3406
3406 3405
3009 3008
3009 3017
5066 5091
3257 3406
3419 3418
3695 3389
3695 3506
5043 5044
5023 5022
5023 5158
162 161
3015 3358
3392 3391
3397 3396
3010 3017
3165 3015
3011 3010
4236 4235
2970 2969
3391 3394
3393 3392
5091 5080
4613 4520
4613 4612
5080 5079
3161 3389
3394 3393
4510 4509
4510 4756
4510 4607
4244 4243
4244 4757
4244 4694
128 127
123 222
4238 4237
4238 4738
4238 4272
3420 3419
3707 3568
3707 3706
5042 5093
5042 5043
5101 5029
214 162
214 213
5079 5078
161 160
271 4494
2974 2973
3014 3013
3014 3165
125 124
5157 5156
3608 3695
3407 3161
4494 270
5078 5141
3708 3568
270 157
270 184
2971 2970
3408 3407
4509 68
5093 5097
3421 3420
213 158
4230 4612
4230 4641
4170 68
4170 4507
124 123
3409 3408
4235 4234
5100 5029
5100 5099
4493 270
3574 3397
3574 3464
4493 4168
3013 3012
190 126
190 128
190 4455
3464 3034
3410 3409
3134 3035
160 159
3166 3133
3166 3165
3035 3133
3567 3566
3567 3708
4349 4272
4349 4363
5059 5093
3564 3248
3564 3395
3564 3608
3034 3135
3135 3134
2972 2971
3424 3574
3424 3257
4234 4233
3411 3410
3412 3411
3380 3240
3380 3379
4508 68
4508 4507
3240 3421
3405 3404
3379 3378
184 183
3566 3565
5156 5155
5041 5059
3395 3394
3737 3736
4688 4526
4688 4606
3565 3395
212 158
212 211
5099 5028
2980 2979
3361 3737
3378 3377
3162 2972
3162 3407
3709 3377
3709 3568
4641 4645
3381 3240
4237 4236
5040 5041
5155 5096
4169 4493
4363 4173
3377 3154
3362 3361
5117 5116
5117 5141
5027 5028
3597 3381
3597 3678
159 158
3372 3074
3372 3162
3372 3371
126 125
3074 3072
211 4455
49 2687
5039 5092
5039 5040
3021 3074
3373 3021
3373 3351
3373 3412
2979 2978
4394 4174
4233 4688
4233 4673
3351 3350
3211 3210
3212 3211
3154 3113
3154 3247
50 49
4200 4199
4199 4198
191 126
4455 138
3213 3212
3425 3213
3425 3424
3210 3209
3404 3403
3374 3130
3374 3351
3374 3564
4606 4571
5076 5077
3371 3370
3209 3610
5022 4700
3736 3735
4172 4363
4198 4197
5092 5078
5103 5137
5103 5117
5097 5071
3247 3190
3247 3376
183 138
183 182
5098 5027
5098 5097
2687 48
2687 123
3375 3130
3376 3375
2978 2977
3462 2925
3462 3032
3033 3462
5038 5092
5038 5075
3111 3110
4673 4672
3691 3033
3691 3689
3112 3111
4197 4677
3678 3116
3678 3596
3032 2929
3032 3012
4428 4172
4428 4607
4428 4567
4428 4562
4571 4576
4700 4699
3609 3691
4173 4563
2937 2973
2937 2943
3030 2937
3030 2977
4758 4700
2941 2977
2941 2942
182 4500
3031 2931
3031 2941
3031 3012
4677 4676
4678 4677
3370 3082
3363 3362
48 47
3029 2973
3029 3028
138 4500
3190 3189
3072 3073
3610 3609
4572 4571
3113 3112
3652 3651
3369 3082
3369 3368
4645 4229
4645 4678
3110 3109
3651 3650
3611 3610
4563 4562
4576 4575
192 191
3364 3363
4759 4758
3403 3597
3368 3367
4573 4572
2930 2929
4452 4451
4452 4673
4452 4553
3188 3187
3189 3188
4500 137
4500 181
2926 2925
2926 2929
4646 135
4646 4645
3083 3369
90 87
90 88
4567 4535
2938 2687
2938 3028
4229 4733
3382 3403
137 136
3426 50
3426 3383
3426 3425
3426 3561
5077 5137
88 89
136 135
3365 3364
2942 2683
3612 3611
3366 3365
3367 3366
3383 3382
3674 3612
3674 3673
2931 2930
4485 4484
4485 4606
4485 4560
4574 4573
4575 4574
3109 3108
3596 3595
193 89
193 192
4760 4759
3246 3107
3246 3190
3246 3245
5095 5035
5095 5098
3595 3594
4525 4483
4525 4576
3690 3689
3650 3649
4699 4371
3594 3108
4405 4232
4405 4567
4431 4563
3187 3186
3649 3648
5151 5077
5151 5150
47 44
47 46
4393 4174
4393 4553
3245 3189
3245 3183
3186 3185
4698 4371
4698 4374
5065 5095
5065 5064
5065 5096
97 194
4560 4524
4451 4450
4451 4525
3185 3184
3673 3672
3677 3116
3677 3646
4374 4373
2683 2682
2683 2939
3076 3610
3648 3647
2943 2942
194 96
194 193
2928 2932
2928 2931
3084 3083
3671 3670
4761 4689
4761 4760
4484 4483
4450 64
3647 3646
96 95
4407 4362
4439 4373
4407 4393
4439 4748
4439 4698
4258 4257
4258 4473
4258 4374
2688 2938
95 94
4362 4431
4598 181
3670 3076
2939 2928
3561 3559
94 93
3593 3108
3593 3592
3153 3113
3153 3592
4473 4472
4473 4546
3077 3670
3735 3734
3127 3125
3127 3126
3184 3183
2581 2927
3244 3020
3244 3183
4689 4560
4689 4705
4501 4598
3560 3559
93 92
2944 2790
2944 2943
4257 4373
3126 3128
2924 2923
3085 3084
5064 5063
2923 2922
3592 3662
4546 4545
4546 4674
4438 4257
4438 4472
3128 3125
3734 3733
44 43
3078 3077
4472 4545
2940 2580
2940 2932
2940 2939
3733 3732
2927 2580
2927 2932
2682 2943
3040 3039
4502 4501
4748 4747
4350 4405
5150 5075
5150 5088
3129 3128
92 91
3582 3581
3620 3493
3620 3561
3620 3582
3107 3020
3107 3040
2790 2789
3079 3078
2933 2940
91 2924
91 2583
2920 2688
2922 2921
4545 4675
2921 2920
4503 4502
4370 4369
4370 4748
5034 5035
5147 5146
3662 3503
3662 3661
5071 5070
3505 3504
4675 4674
4433 4432
4433 4674
3658 3071
3658 3129
5063 5062
3661 3660
3660 3659
4524 64
4717 4171
4717 4362
4697 4433
4524 4483
4717 4562
4697 4696
4717 4755
3732 3731
4351 4350
4351 4733
4351 4722
4437 4432
4437 4675
3493 3492
3659 3658
4369 4743
3106 3020
3106 3105
5033 5034
5154 5065
5154 5132
2689 2921
3491 3492
3039 3038
3444 3442
3444 3443
5088 5085
3086 3085
3038 3037
3442 3443
4696 4213
3607 3646
4722 4721
51 3426
3504 3503
4171 4566
4747 4746
5062 5061
2789 2788
3071 3070
3503 3198
2583 2582
2583 2657
5032 5070
5032 5033
4213 4432
2934 2682
2934 2829
2934 2933
3581 3580
2690 2582
2690 2689
3445 3442
5030 5088
5030 5048
4504 4503
4504 4781
4352 4722
4566 4535
3580 3579
5087 5085
5087 5146
5087 5136
4781 4780
4782 4781
5031 5030
4745 4744
2935 2934
5061 5113
3427 3493
4242 4241
4242 4689
4242 4449
3087 3086
4780 4782
4705 4475
3059 3105
3579 3578
4746 4181
4746 4745
2788 2826
2788 2935
4368 5104
4368 4743
4368 4705
4542 64
4542 4730
2936 2569
2936 2582
2936 2788
4744 4743
3578 3577
4240 4239
4449 64
3264 3196
3264 3607
3198 3717
3446 3059
3446 3445
5136 5046
3520 3521
3058 3037
3058 3105
2568 2760
4721 4720
4532 4531
4532 4693
4532 4566
3070 3069
3731 3730
3577 3132
3577 3386
3577 3427
5133 5132
3521 3520
3196 3195
4353 4352
4353 4402
2569 2568
2569 2646
4751 4749
4751 4750
4751 4780
3060 3446
4475 4474
3061 3060
3676 3264
3676 3675
5134 5025
5134 5133
2829 2828
4402 4401
3088 3087
4460 4459
2719 2718
4530 4461
4530 4755
4530 4731
5113 5112
5113 5135
5135 5025
4513 4512
2828 2827
2858 2719
2858 2762
3069 3061
5140 5037
5048 5047
5131 5090
5131 5130
3131 3675
3132 3131
5109 5108
5110 5109
5111 5110
2827 2826
4401 4400
4750 4749
5108 5107
4582 4581
2826 2787
2657 2761
2657 2858
2593 2606
4239 4475
4239 4367
4581 4580
4752 4749
4354 4402
4583 4582
5112 5111
2594 2580
3195 3194
4512 4754
5047 5037
4762 4280
4762 4449
3522 3521
2724 2829
2724 2758
5107 5026
5130 5129
3386 3194
5094 5048
5094 5149
4400 4399
5094 5070
4584 4583
4753 4752
5153 5132
5153 5152
4461 4459
4461 4480
3080 3079
43 4764
3062 3069
3716 3522
3711 3713
3716 3715
3717 3716
3730 3729
4580 4579
4585 4584
3713 3712
4731 4730
4754 4753
3714 3713
3715 3714
3063 3062
3081 3080
3081 3386
3081 3309
3712 3711
5106 5026
5106 5105
5129 5036
5129 5128
3064 3063
3064 3717
4586 4506
4586 4585
3194 3193
2760 2567
3152 3064
3152 3314
5105 5074
4577 4354
4577 4533
4505 4611
4505 4750
2761 2760
2761 2906
4579 4578
4578 4577
4720 4719
2758 2723
4399 4398
4480 4267
4480 4479
5090 5119
2762 2761
5046 5037
5046 5089
2718 2717
4718 4693
4559 4281
4559 4542
4559 4731
2595 2594
3293 3292
3729 3728
4241 4367
4719 4718
4181 5074
4427 4729
4427 4533
3309 3308
4281 4265
3193 3192
4531 4480
2787 2758
2787 2786
4398 4397
5104 4181
3089 3088
2606 2592
2606 2766
3192 3308
5128 5127
4568 4754
4611 4506
4611 4605
4267 4266
5125 5124
3588 3586
3588 3587
4266 4265
4280 4265
4280 4597
5119 5089
5119 5118
52 51
5124 5036
5124 5123
2766 2595
2766 2605
2766 2765
4727 4726
3428 3309
3428 3683
3728 3727
2605 2723
4397 4323
4597 4596
4597 4669
5149 5152
3589 3586
5152 5148
3727 3726
5127 5126
5126 5125
4714 4713
5118 5090
4715 4227
4715 4714
4255 4254
2723 2786
4247 67
3683 69
4247 4436
4711 4710
3726 3725
4182 4611
2907 2747
2907 2762
2907 2857
2907 2906
4710 4709
4515 4514
3725 3724
4516 4515
2747 2883
4728 4727
4729 4728
4514 4732
2786 2785
5123 5122
2646 2786
2717 2716
2717 2747
4706 5104
4709 4708
3163 3683
4517 4516
4183 4182
4183 4511
4726 4725
3314 3313
3314 3515
4708 4707
5148 1395
4707 4706
5122 5121
4436 4435
5121 5120
3590 3589
4596 4256
4511 4568
4712 4711
4605 67
4605 4247
4605 4647
4518 4517
2592 2649
3724 3723
1395 77
1395 1299
3515 3591
2765 2650
4713 4712
4227 4226
4321 4320
4322 4321
4383 4382
4383 4725
4383 4436
3313 3312
4256 4254
4323 4322
4323 4342
1369 78
1364 1369
3591 3514
3591 3590
1240 1239
1400 5120
4364 4323
4184 4511
4226 4225
4724 4184
4724 4313
4724 4723
1299 77
1298 77
1241 1238
1239 1238
1241 1240
1298 1297
3429 69
3429 3428
3115 69
3115 3163
4318 4729
1296 1295
1297 5086
4319 4318
4320 4319
5086 1296
3514 3513
5086 5089
4659 4658
4604 4603
4604 4647
1295 1294
1401 1400
4660 4657
4660 4659
4595 4256
4595 4666
4702 4701
4218 4725
4218 4377
4658 4657
4435 4434
1294 1293
2884 2646
2884 2713
4246 4218
4246 4318
2649 2591
2956 70
2957 2956
4382 4381
2713 2712
3585 3124
4225 4224
4669 4668
4669 4732
1210 1208
1209 1208
2415 2414
2415 2417
3124 70
4648 4647
4703 4701
4703 4702
2650 2649
4180 4701
2567 2797
2567 2713
4179 4180
1293 1310
3292 70
1396 77
4704 4179
4704 4706
2716 4723
2716 2715
3090 3089
4666 4716
2797 2744
2797 2906
2797 2857
4603 4279
4763 4669
3151 3150
3151 3515
4224 4223
4434 4378
4610 67
4610 4609
4342 4341
2857 72
3338 2957
1360 1359
4381 4380
4649 4648
2883 2714
2883 2716
2883 2857
1368 1360
1368 1367
1402 1210
1402 1307
1402 1401
3430 2768
3430 2821
3430 3429
3682 69
2768 3682
2768 2823
4279 4278
2896 2822
2896 3682
2896 3463
4716 4227
4716 4665
53 52
53 3463
3463 3413
3513 53
2744 2743
3275 3274
3275 3513
2960 3353
4602 4279
4602 4601
4650 67
1336 1368
4650 4649
3150 2960
3353 3312
3353 3352
2707 3430
4380 4379
4341 4340
4742 4661
4742 4666
1397 1370
1397 1396
3274 3150
3274 3104
3312 2959
4278 4277
1242 1235
1236 1235
1242 1238
1236 1364
4661 4657
1310 1309
1310 1362
1386 1269
1386 1336
4379 4378
3273 3338
4377 4376
4668 4667
2959 2958
2708 2707
2414 2413
2958 3273
4601 4600
1309 1308
1308 1307
4217 4216
4217 4377
4340 4550
4667 4661
1359 1358
3091 3090
1278 5086
2591 2602
2591 2708
1307 1306
1362 1399
2821 2820
2046 2206
4376 4375
2764 2591
2764 2650
2764 2675
2764 2785
4277 4650
4277 4317
1367 1366
3339 3338
2715 2714
4550 4549
4600 4599
3352 3345
2206 2205
3340 3339
2608 2734
2823 2822
2743 72
2743 2608
2743 2736
4178 4704
1337 1269
1237 1299
1237 1242
2603 2602
2714 72
3341 3340
1306 1305
4764 42
2129 2128
2129 2541
2129 2206
4764 4283
4764 4763
1366 1365
4314 4599
2416 1970
2416 2046
2416 2417
2820 2575
2602 2674
4599 4313
4315 4314
4339 4167
4339 4165
4339 4550
4316 4315
2785 2784
4167 4166
2722 2785
2722 2884
3092 3091
2674 2832
4189 4188
4317 4316
4317 4529
1332 1264
1332 1278
1305 1338
1332 1398
2712 2711
2575 2574
3342 3341
4195 4194
4195 4528
4195 4313
4609 4608
2675 2674
2675 2769
4188 4271
4188 4246
4549 4203
4665 4249
4665 4664
2819 2575
2819 2604
3345 3344
1403 1307
4194 4193
4287 4286
4166 4165
1292 1291
1292 1362
2541 2540
4201 4189
4201 4342
4201 4333
1223 1222
4193 4192
1970 2532
3093 3092
3343 3342
2735 2734
3344 3343
1224 1223
2604 2603
4192 4191
4286 1221
4286 1333
2574 2767
2045 2541
2045 2257
1291 1363
4216 4587
2736 2735
1333 78
4202 4201
4203 4202
4338 4165
4338 4337
1338 1277
1338 1337
2711 2607
2711 2734
4191 4527
2833 2604
2849 2745
2833 2818
3094 3093
2818 2905
4587 4378
4587 4590
2856 72
2540 2539
2767 2573
2856 2576
2767 2823
2856 2849
4271 4375
2860 2769
2860 2837
4670 4178
4670 4287
3723 3722
2413 1970
2413 2411
4253 4252
4548 4203
4548 4547
4375 4270
2094 2044
2094 2257
2094 2154
2832 2818
4608 4317
4283 4634
1252 1237
1252 1333
2539 2016
2539 2538
2573 2822
4270 4269
2205 2204
2578 2577
2411 2410
4590 4430
2044 2043
2600 2832
2835 2784
2835 2836
2835 2860
1275 1274
4529 4528
2579 2578
2579 2607
4337 4336
2577 2576
2577 2736
2577 2742
4252 4251
4528 4527
4269 4268
2601 2600
2601 2769
2043 2421
2538 2537
2016 2236
2770 2722
2770 2784
2770 2825
2837 2836
2128 2127
2418 1917
2418 2412
4268 4588
4430 4565
2825 2579
2825 2808
2825 2824
4336 4547
1276 1274
2537 2536
4251 4250
2576 2855
4588 4228
4588 4587
2235 2234
2235 2234
2746 2714
2746 2745
4547 4335
2150 2148
2150 2149
1222 1363
1222 1326
2236 2234
2236 2390
2903 2902
2904 2903
4282 4283
2149 2153
4335 4334
2902 2901
2905 2643
2905 2904
2536 2535
3095 3094
1277 1276
4589 4426
4589 4430
4589 4588
4334 4333
2643 2759
4250 4249
1908 2411
1908 2199
2901 2900
2897 2573
2898 2897
2899 2898
2900 2899
1917 1916
1253 1252
1264 1361
2759 2600
4426 4425
3722 3721
2824 2770
1289 1288
2763 2601
2763 2837
1290 1289
1290 1326
2535 2127
4249 4332
1288 1225
1225 1224
2419 1917
2642 2763
2642 2759
2642 2706
1287 1225
1287 1405
2127 2204
2127 2264
2199 2203
4565 4215
4565 4458
4565 4529
2420 2024
2420 2419
3096 3095
4425 4424
2153 2148
2153 2152
1361 1399
1286 1370
1405 1251
1405 1404
2742 2808
2534 2038
2534 2204
2038 2037
4765 4282
1304 1248
1304 1277
1304 1348
1916 2457
1916 2418
2154 2093
2154 2153
1404 1248
1404 1403
2596 2753
4288 4297
4288 4670
2202 73
3104 3718
2421 2024
3104 3103
2597 2596
2533 2038
2533 2532
4215 4457
2203 2198
2203 2202
1349 1348
2776 2753
2776 2757
2776 2824
2855 2854
2532 2410
2198 2197
2598 2597
3097 3096
2239 2238
2240 2239
4766 4765
2238 2237
2757 2756
4331 4330
2042 2421
2042 2070
2808 2807
2808 2852
1248 1247
4767 4298
4767 4766
4523 65
2151 2148
2706 2705
2706 2834
4523 4215
4523 4570
4523 4528
2754 2753
2152 2151
2241 2240
3098 3097
4768 4298
4768 4592
1327 1326
2586 2585
2586 2757
2796 2631
2796 2754
4570 4569
4424 4423
2756 2755
2854 2853
1221 1254
3103 3102
3721 3720
4592 4557
2531 73
2531 2410
3099 3098
1348 1303
2264 2126
2264 2263
1350 1349
2755 2691
2755 2796
2523 2237
1398 1286
1398 1331
3102 3101
4222 4426
4222 4771
2775 2586
2775 2700
4332 4331
2197 2530
3100 3099
4297 4212
4297 4593
3101 3100
2585 2693
4740 4285
4740 4552
2817 2643
2817 2816
1251 1285
2834 2836
2853 2852
2242 2241
4499 4274
4499 4570
4396 4333
4396 4592
4396 4556
1247 1206
2237 2243
4190 4527
2037 2036
4769 4271
4769 4396
4769 4554
1356 1354
1356 1355
2795 2631
2807 2806
4642 4190
4642 4499
1351 1350
2816 2861
4458 4457
2693 2588
2693 2692
1355 1354
3720 3719
2852 2805
2852 2919
4543 4635
2530 73
2692 2691
4423 4422
2012 2011
2013 2012
4185 4642
4185 4490
2457 2456
4594 4332
4594 4593
1303 1353
2806 2805
2456 2455
2691 2851
2070 2442
4635 4634
2258 2257
2259 2258
4490 4489
4558 4298
4558 4557
2243 2242
1406 1251
2455 2454
2014 2011
2014 2013
4634 4633
2015 2011
2015 2390
4770 4228
4770 4769
1407 1406
4633 4632
2848 2745
2848 2847
1352 1351
1909 2405
1909 2199
4457 4482
4457 4392
2120 2119
2454 2453
1285 1250
1285 1284
2201 73
2126 2125
2201 2200
2840 2572
2841 2631
2841 2794
2841 2840
2847 2919
4186 4490
2522 2225
2522 2232
2522 2243
2093 2092
1353 1207
1353 1352
2200 2530
4552 4284
4552 4543
2805 2804
576 575
2588 2590
4632 66
1408 1234
1408 1407
2861 2642
2405 2118
2405 2524
2036 2035
2260 2259
2083 1915
2809 2598
2809 2834
2453 2452
2590 2692
2590 2771
4771 4228
4274 4273
2119 2089
2572 2571
4406 4643
4406 4593
2794 2850
4422 4421
2524 2523
1255 1254
2919 2673
2919 2803
4392 65
2263 2262
4187 2673
1284 1283
4187 4186
1915 1914
2851 2850
2089 2514
2261 2260
2261 2347
4772 4564
4772 4771
4299 66
4299 4558
2700 2589
2092 1992
2839 2572
2839 2838
1325 1321
4421 4420
2232 2231
1357 1354
1357 1361
4557 4556
2262 2261
701 576
4489 4273
2442 2441
2442 2457
4212 4211
4212 4779
4569 65
4569 4391
2515 2200
2515 2233
2515 2514
2810 2809
2810 2838
4420 4458
2231 2230
1250 1279
2804 2803
2589 2588
2589 2638
1331 1253
1331 1335
4391 4498
2705 2861
2793 2792
2793 2850
4273 4497
2871 2809
2871 2870
703 781
2771 2589
2771 2699
2771 2773
2452 2451
1234 1232
1234 1249
2803 71
704 703
781 780
2230 2229
1246 1205
1246 1206
2571 2570
1279 1249
575 574
1334 1317
1334 1325
2699 2698
2699 2851
702 671
702 701
4498 4274
1226 1219
1226 1254
4468 65
506 505
506 781
506 702
4468 4410
42 41
2229 2228
4285 4469
2792 2791
2125 2265
1992 1987
1992 2082
2698 2792
4410 4409
4211 4210
2638 2584
2638 2773
2226 2225
2228 2227
4390 4498
4390 4495
4496 4495
4564 4420
4564 4640
3719 3718
1205 1204
2227 2226
2815 2705
2815 2814
2599 2813
2599 2871
2082 1914
2233 2334
2870 2740
2870 2869
4467 4410
4467 4466
4631 66
2451 2450
4631 4630
1779 4643
1409 1357
1409 1408
2570 2838
4495 4389
4300 66
2773 2772
4640 4639
2814 2813
2041 2507
2041 2442
1245 1203
1245 1205
1910 2524
1910 2521
780 779
4556 4214
4556 4555
2118 2089
2118 2117
2811 2570
2869 2733
2869 2868
4210 4209
4497 4496
2450 1918
2514 2404
2514 2458
2740 2739
4416 4779
671 527
671 575
2868 2867
4639 4343
4209 4208
4630 4591
1280 1279
2521 2117
2521 2225
4301 4300
1780 1779
2035 2267
2739 2738
4206 4205
4208 4207
705 568
705 704
4389 4388
1322 1321
4207 4206
4482 4481
4482 4640
4482 4522
2587 2805
2733 2738
2791 2729
4555 4163
4555 4554
2778 71
2778 2799
2812 2630
2812 2791
2812 2811
1335 1334
1335 1342
1987 1986
1324 1322
1324 1323
1323 1322
1781 1780
4395 4416
3718 2116
2017 2333
2017 2035
2799 2587
568 567
4302 4301
4409 4408
2738 2737
2874 2812
2874 2873
4591 4557
54 53
2266 1931
2779 2584
2779 2700
2779 2799
2779 2895
2449 1918
2449 2448
2729 2728
1281 1280
2866 2874
2813 2553
2730 2867
2867 2866
2662 2673
2584 2726
2749 2748
2553 2748
2553 2632
4284 4469
2726 2725
2726 2774
1930 1931
1991 1987
1991 1990
2728 2732
2748 2813
2265 1930
2265 2422
2661 2777
2661 2662
1282 1281
2091 1986
2091 1988
2091 2082
1283 1282
2267 2008
2267 2266
2774 2772
4303 4302
2732 2699
2732 2727
1990 2162
4388 4387
2831 2774
2831 2830
2831 2917
4629 4541
4629 4591
2116 2115
2917 2727
2750 2749
4387 4386
4408 4773
2737 2730
4289 1654
4289 1779
1342 1341
2663 2662
4541 4540
706 568
706 586
1232 1231
1232 1383
4466 4465
2404 2118
2334 2155
2334 2333
2404 2409
2630 2913
1986 1985
707 706
2916 2727
2916 2915
4164 4163
4164 4163
2777 71
2777 2660
527 80
527 526
1330 1342
1330 1419
4522 4468
2441 2440
2165 2164
2664 2550
2664 2663
2710 2781
2751 2710
2751 2750
1911 2521
2636 2635
2636 2748
2636 2751
4417 4416
4419 4418
1341 1340
2873 2872
4386 4385
526 574
2731 2710
2731 2737
2915 2914
2665 2664
1302 1207
1302 1301
4418 4417
708 707
4544 1654
4544 4285
2551 2664
1231 1230
4304 4303
2164 2163
4778 2665
4778 4384
4773 4522
4346 4345
4346 4554
1318 1317
2709 2731
4385 4384
4214 4541
2117 75
2163 2162
2448 2447
4540 4539
4628 4214
4628 4627
4628 4656
2660 2551
2660 2659
2872 2709
2872 2911
2550 2667
2894 2893
709 708
779 567
2893 2892
4774 4465
4774 4773
567 501
2409 2408
2895 2686
2895 2704
2895 2894
2725 2895
4384 4440
2914 2913
1985 1913
1985 1984
2659 2891
2666 4778
2892 2647
2830 2725
2913 2912
2647 2918
1654 4551
2007 2006
2447 2446
785 505
785 779
1913 2287
4777 4440
4777 4776
2918 71
2547 2660
4776 4404
4539 4538
2912 2610
2891 2672
2891 2918
2912 2911
2667 2549
2667 2666
2008 2007
2008 2050
4775 4404
4775 4465
655 501
655 785
2108 2107
2115 2114
505 80
505 665
4624 4346
4624 4623
4624 4785
2403 75
2107 2106
2109 2108
2403 2409
2549 2548
1417 1230
1417 1249
2911 2910
4627 4626
2781 2908
2781 2885
2440 2058
2648 2647
2648 2703
1301 1300
2909 2697
2909 2908
4345 4478
4623 4622
2548 2672
2908 2709
2910 2909
2672 2547
2672 2671
4478 4344
4478 4477
4785 4692
1256 1255
4441 4440
2686 2830
2686 2612
2686 2685
2863 2781
2863 2865
2058 2311
586 501
586 585
1655 1654
4625 4785
4626 4625
4343 4476
4344 4343
2195 2333
2704 2703
2635 2634
2287 2145
2287 2162
2287 2286
4622 4357
1984 1988
4305 4304
4305 4358
710 709
2285 2284
4361 4360
4361 4633
2353 2006
2353 2422
1410 1202
1410 1233
1410 1409
2145 1989
2145 2144
1656 1634
1656 1655
4616 4481
4616 4615
1989 1984
1219 1218
4442 4441
4477 4476
2347 74
2668 2549
2668 2670
2671 2670
2885 2886
2286 2285
4621 4357
4621 4620
2090 1988
2090 2311
1912 1911
1912 2106
2865 2864
1384 1383
4476 4356
4476 4481
585 736
2110 2109
2697 2645
2697 2696
656 655
2862 2634
2862 2865
2155 2375
2842 2918
4551 4284
1227 1219
2106 2122
1419 1257
1419 1418
4360 4359
2634 2633
666 586
666 657
2375 2374
1257 1256
2114 2113
4359 4358
2458 2375
2458 2464
2685 2800
2123 2195
2446 2445
2633 2632
2864 2780
2864 2863
2507 2479
2124 2123
2124 2373
2124 2155
2632 2676
2703 2702
4306 4365
4306 4358
2064 75
2064 2063
2064 2194
4356 4621
2780 2696
2780 2886
657 656
2113 2112
2645 2644
2051 2006
2049 2048
2050 2049
2439 2058
2439 2438
2696 2695
2612 2611
1344 1343
4620 4619
1230 1385
1345 1343
2445 2444
41 40
2670 2669
2610 2609
2610 2830
4443 4415
4443 4442
1329 1257
1329 1347
2644 2656
2555 2676
2111 2110
2112 2111
55 54
4619 4618
2556 2555
2843 2842
2702 2701
4617 4356
4615 4462
4615 4775
665 504
665 657
2052 74
2052 2051
4618 4403
4618 4617
2143 1984
2144 2143
4307 4306
2656 2609
2656 2658
2669 4094
1628 1630
4415 4414
4415 4464
4462 4537
711 710
711 2556
711 803
1233 1383
1233 1339
1782 1628
1782 1781
2311 2057
2611 2629
4464 4463
2444 2443
2658 2655
2658 2696
1346 1345
2284 2283
2800 2684
2800 2703
2800 2876
4365 4312
2215 74
2408 2407
2194 2193
4537 4536
1393 1391
1393 1392
2048 2051
2374 2373
4308 4307
2053 2215
2281 2286
1394 1346
1394 1391
2677 2676
2629 2802
4538 4365
4538 4655
2056 2055
2056 2310
2695 2694
2283 2282
4692 4691
2557 2556
2876 2639
2844 2843
1218 1217
1300 1413
2310 2057
2310 2309
1392 1391
2701 2846
2282 2281
4463 4462
2443 1983
4691 4690
1634 1633
1634 1662
2678 2677
690 689
2021 2194
2021 2322
4324 4308
803 802
2062 2061
2681 2680
689 688
691 690
4656 4538
4656 1650
1217 1216
2407 2406
2679 2678
2801 2876
2694 2681
692 691
2063 2062
2520 2031
2520 2106
2558 2557
2651 2694
1633 1632
1953 75
2655 2802
2655 2654
2680 2679
584 803
584 736
584 601
2652 2651
693 692
4290 4551
4290 4361
1216 1215
2032 2394
2032 2122
4372 4324
4372 4326
2479 2478
2054 2053
2654 2561
2653 2652
2654 2653
1244 1203
1244 1243
2802 2637
2802 2801
2684 2846
2069 2123
2438 2437
688 687
504 503
2034 2076
2034 2050
4325 4324
4325 4326
2055 2054
1385 1384
4262 4261
1243 1413
4291 4290
4403 1653
2193 2192
4403 4260
4403 4537
4309 4372
2845 2844
2846 2845
2846 2882
503 502
4263 4262
4263 4464
4263 4328
2076 2033
2559 2558
1632 1631
2466 2075
2466 2373
2466 2465
2465 2464
1630 1627
1631 1630
2061 1953
2061 2060
502 503
4261 4536
830 476
830 658
830 745
2040 1983
2040 2507
2192 2191
40 39
2033 2048
2033 2393
2560 2651
2464 2270
2560 2554
2560 2559
1783 1782
4292 4291
1971 74
1411 1202
1411 1220
1411 1263
4095 4094
4310 4309
2393 2065
4536 4260
802 801
1390 1220
1390 1347
1390 1412
1390 1394
2065 2207
2561 2802
2513 2021
2513 2032
2513 2047
2060 2059
2561 2552
2561 2560
2207 1971
2207 2183
1347 1316
1347 1374
2270 2397
397 55
397 2520
397 396
4671 1229
4671 4395
4671 4670
659 658
1316 1373
2721 2637
2721 2640
2639 2800
4414 4413
1653 4456
1653 1765
2478 2477
2221 2130
639 745
2322 1997
2322 2190
1215 1214
793 694
694 693
687 686
1983 1982
792 694
792 686
4328 4275
4328 4296
4328 4327
4311 4310
794 793
2191 2190
2191 2459
2130 2069
2208 2183
801 455
2397 2396
2397 2406
2047 2321
2637 2783
601 600
2309 2389
2182 2394
455 738
1741 1740
2131 1972
2131 2130
2131 2244
396 571
1594 1591
1593 1592
1594 1593
4327 4264
4456 4623
746 745
4784 4692
4784 4783
640 639
640 755
1228 1227
1214 1213
2552 2562
2640 2639
4312 4311
1740 1741
800 455
800 799
2031 2182
2389 2388
1592 1591
2519 2031
4654 4652
4654 4653
755 601
755 641
2477 2476
1784 1783
2783 2628
2783 2641
4413 4412
4652 4653
571 570
1765 76
1414 1413
1757 1721
1757 4260
4412 4411
1339 1385
2564 2563
600 599
2463 2406
2463 2462
1766 1765
4690 1769
4690 4456
626 625
626 641
4366 4294
4366 4312
2209 2208
1972 2367
2562 2564
2641 2640
2508 2479
2388 2387
4411 3941
4411 4095
4411 4296
756 491
756 626
756 746
2628 2641
2628 2859
799 798
4655 4652
4655 4663
1769 1643
1769 1768
1933 1932
468 641
1663 1627
1663 1662
1767 1766
4275 4264
1415 1414
2720 2640
1934 1933
1213 1212
1982 2476
395 394
395 571
1665 1664
4264 4454
738 598
738 737
2483 1932
2483 2023
2483 2389
1785 1627
1785 1665
1785 1784
4663 4662
2462 2378
1664 1595
2395 2396
1643 4783
2030 2519
2030 2332
394 393
1595 1591
1416 1268
1416 1415
1722 76
1722 1721
1723 76
1723 1597
2367 1936
2367 2033
2367 2366
599 598
660 391
392 788
392 573
393 788
788 553
573 554
660 573
660 659
788 794
4294 4221
4294 4293
2139 2138
469 468
1932 1935
4454 4453
798 797
2321 1997
1642 4783
1642 1687
391 829
1742 1595
1742 1718
1742 1740
2882 2875
1657 1671
1657 1662
2476 2138
2875 2877
2875 2639
829 390
829 476
829 587
4276 1635
1687 1686
1718 1715
4276 1721
2378 1953
4276 4454
1969 1965
2244 1969
570 569
2509 2508
4221 4220
4444 4204
4444 4275
1265 1339
1268 1267
1268 3742
2859 2720
2859 2741
4293 4219
4293 4292
4293 4651
1212 1270
1229 1228
390 491
797 737
797 796
1267 1266
2181 2332
1935 1934
1935 2475
625 624
2366 2365
2881 2752
2881 2875
2029 2028
2029 2181
2132 2121
2132 2244
1768 1725
1768 1767
1652 76
1270 1211
1270 1373
1652 1651
1786 1785
1650 1649
1650 1687
2475 2474
4651 4355
2028 397
2028 56
1378 1377
2461 2378
2461 2460
1377 1376
1379 1378
598 597
1271 1211
1597 1596
796 795
1376 1375
1641 4662
1641 1650
624 623
1375 1374
2565 2562
2565 2563
1374 1371
2554 824
2308 2475
2308 2380
2554 2563
561 570
2210 2209
795 2554
2365 2501
1380 1379
1263 1262
3985 4204
1266 1265
1686 1685
1373 1315
1373 1372
1966 1965
4096 3985
4096 4296
4295 4662
4295 4366
623 622
1273 1229
1272 1271
1273 1272
1381 1380
1382 1381
1382 1412
1382 1387
1724 1597
2752 2859
1717 1715
1716 1715
1717 1716
2460 2459
495 520
495 2028
1709 1708
1981 2511
1981 2476
554 553
2075 2074
491 771
2074 1950
2387 2386
2003 2138
1968 1965
1967 1966
1968 1967
562 421
562 561
622 621
1640 1639
1640 4295
1950 1949
1950 2073
1725 1724
1658 1676
1658 1671
1710 1709
1710 1786
4220 4219
2437 1996
2437 2384
2510 2509
520 418
520 569
1708 1707
621 831
2499 2498
3742 3741
563 421
563 422
2498 2495
566 553
565 564
566 565
566 714
2500 2499
1315 1314
1651 1607
569 790
1596 1736
2386 2385
422 421
1726 1610
1726 1725
564 422
714 572
2133 2009
2133 2121
1707 1706
1685 1744
1685 1768
1706 1731
2501 2364
2501 2500
2385 2384
2381 2380
2384 2481
2880 2741
2880 2752
2880 2879
1936 2308
1996 1995
2741 2627
824 823
420 419
420 563
1635 1607
3741 3743
2039 1983
2039 2005
2382 2381
1760 1759
790 789
597 828
1727 1726
1639 4259
2004 2003
496 790
496 661
1761 1760
1607 1606
1607 1736
1676 1759
1262 1261
1728 1727
2364 2363
2307 2306
2307 2380
771 490
572 554
572 587
2627 2626
2009 2392
757 491
3818 3816
1762 1761
2511 2510
787 714
787 786
1995 2256
1261 1260
2879 2878
2879 2890
1756 1635
1756 1755
3817 3816
3817 3818
2497 2495
2497 2496
2005 2004
2189 2511
2189 2299
1729 1728
2878 2877
4259 4219
1759 1675
2010 2009
4471 4444
4471 4470
2363 2084
497 419
497 661
713 587
713 712
1649 1648
2018 2075
1574 1229
1574 1320
39 38
1763 1762
419 541
758 466
758 757
1980 2512
1980 2189
2253 1995
2253 2252
823 822
466 465
466 712
1372 1371
2474 2473
2626 2798
2084 2383
2084 2099
1260 1259
1371 1328
2073 2072
2890 2798
2890 2889
498 437
498 541
1675 1764
620 832
620 831
2798 2625
1648 1744
1648 1714
2256 2294
2256 2288
1606 1605
1755 1801
521 418
465 464
1199 1198
2299 2298
438 620
619 438
470 469
470 557
619 618
759 712
437 436
1937 1938
1200 1198
1200 1199
1259 1258
2473 2472
439 619
786 437
786 454
490 489
16 40
2188 2187
2188 2299
1737 1736
822 821
2344 2343
789 418
2625 2624
1732 1590
1732 1731
1787 1588
1787 1710
4097 4470
4097 4204
440 439
2512 1979
2401 2018
2401 2071
2401 2349
760 759
2023 2022
2306 2068
2343 2342
557 556
1764 1674
1764 1763
2134 2392
2134 2314
1775 1638
1775 1774
1775 4355
1775 4259
4445 4471
2345 2342
2345 2344
1258 3807
2383 1937
832 831
2294 1975
2072 2071
1588 1672
1599 1626
1754 4445
1754 4453
1730 1729
489 832
489 735
2187 2186
4010 1711
4010 1744
2314 2312
1600 1599
1659 1629
1659 1676
1674 1673
821 820
1629 1797
2097 2096
2100 2099
1673 1758
464 463
1605 1604
1626 1579
1626 1625
4453 1661
454 453
542 541
2137 2136
2137 2383
2624 2887
1692 1588
1692 1691
1714 1684
1758 1672
1801 1800
1801 4453
2482 2023
2298 2297
2482 2481
761 760
2068 2066
2068 2346
3740 3739
3740 3743
1684 1602
1774 1598
1907 1906
1907 2005
2186 2185
1610 1609
463 445
2312 2313
4446 4445
1601 1600
2346 2342
2346 2506
4447 4446
1638 16
1638 1796
2889 2888
1387 1388
4007 1730
2071 2159
4007 3975
4007 4006
4007 4010
530 529
1906 2184
2888 2566
445 827
1976 1975
556 440
556 555
820 819
3986 4097
1320 1201
1320 3927
2136 2100
2304 2300
2887 2566
2887 2623
735 446
4006 4005
2022 2472
1800 1799
3989 3988
2066 2067
3739 3738
4448 4447
4448 4470
762 454
762 596
762 761
1589 1692
2098 2096
2098 2137
1389 1387
1389 1388
35 34
3987 3986
1713 1684
1713 1712
2159 2158
1625 1624
3988 3987
2472 2250
1975 2293
555 818
1712 1711
1602 1601
1698 1579
1698 1587
1698 1743
827 462
827 826
1201 1198
1328 3747
2297 2296
38 37
1711 1778
819 818
2252 2251
1314 1313
425 424
36 35
1929 2271
2362 2098
2185 2184
2362 2214
1609 1608
426 425
2250 2304
2250 2379
1753 1752
1753 4448
3975 3971
1590 1589
1752 1751
2251 2289
2506 2502
2135 2314
2135 2159
2135 2156
424 426
1319 1201
488 487
488 735
1313 1312
2214 2101
2214 2348
2623 2782
818 684
684 389
618 617
684 683
1928 1929
1587 1586
1624 1623
4098 1753
3738 3761
1598 1743
1697 1584
1697 1587
3815 3759
3815 3819
2156 2361
3819 3762
3819 3816
446 445
446 826
1312 1311
529 424
529 528
2184 2295
2289 2288
2290 2289
2290 2481
1311 1319
487 617
389 388
528 680
1623 1579
1623 1622
1751 1750
462 732
1586 1585
1773 1598
1773 1772
2272 1928
2272 2506
2272 2372
2288 2255
2296 2295
3807 3757
3807 3815
1796 1637
1691 1690
1796 1794
1796 1797
1604 1603
2101 2136
388 617
3747 36
2505 2502
2505 2504
3747 3915
2158 2157
2379 2249
3972 3971
2782 2628
617 486
2503 2502
1738 1737
1777 1776
2211 2220
2212 2211
3762 3761
1778 1777
1778 4073
2504 2503
3763 3807
3763 3914
1585 1584
1733 1590
1733 1688
1690 1689
2213 2212
2293 2292
2543 2101
2543 2213
2543 2542
37 3747
2622 2621
2622 2782
2255 2254
1696 1583
1696 1584
1608 3975
1608 1699
1689 1688
1788 1672
3974 3971
3974 3973
3990 3989
3973 3972
2372 2368
453 452
2301 2300
1583 1582
2303 2300
2303 2302
1612 1611
3927 3926
1582 1581
2220 2219
2302 2301
1637 1636
1683 1602
1683 4075
3926 3929
436 435
1998 2290
1998 2254
486 485
2350 2349
2157 2156
1745 1699
1745 1739
683 443
3929 3925
34 33
1580 1583
1581 1580
1580 1695
3764 3914
733 732
1611 3928
1611 3927
2361 2140
2361 2348
2361 2518
2249 2480
4075 4074
1750 1660
732 654
732 695
695 731
2371 2368
2371 2370
1622 1621
1661 1660
4099 3976
4099 4098
2088 2220
2088 2095
1789 1788
1979 1978
2369 2368
1682 1620
1682 4075
4074 4009
4074 4073
1734 1688
485 484
2370 2369
2621 2620
2292 2291
731 730
2305 2088
2305 2320
2305 2372
3925 3924
1799 1798
1621 1620
1974 2280
1974 2219
3924 3749
3916 3915
2141 2391
2518 2517
2518 2542
748 747
2142 2141
2142 2349
2142 2147
2480 2248
1978 1977
2432 1951
2432 2020
2432 2459
484 442
1620 1693
1739 1738
2254 2291
730 734
749 521
749 548
749 748
3917 3916
443 442
2358 1924
452 451
3746 3745
3746 3915
2280 2279
2248 2224
682 443
682 681
734 826
548 417
1603 1747
3991 3990
1749 1660
1749 1798
3976 4078
1636 1790
2095 2219
1746 1739
1746 4086
1951 1952
1951 2174
2320 2167
2320 2430
3749 3748
3749 3923
3922 3921
3977 3976
654 653
2247 2224
2247 2246
1695 1694
3921 3920
3923 3922
604 603
604 825
604 734
2279 1927
1924 2354
1924 2319
1790 1578
1790 1789
3918 3917
1977 2295
3920 3919
1747 1746
3919 3918
750 435
750 548
1798 1748
1973 2542
1973 2280
1973 2278
1927 1926
1694 1693
2246 2245
2620 2619
1748 1747
696 695
2391 2140
2391 1942
681 680
2167 2166
2167 2319
2167 2358
2174 1962
2174 2173
435 532
1926 2095
2436 1998
2245 2436
2436 2435
1735 1644
1735 1734
2173 2172
1793 1644
1793 1790
1793 1792
3769 1735
3769 3928
3769 3845
3769 3905
2278 1927
33 17
1952 2175
2147 2146
2357 2354
2357 2356
697 696
1772 1771
2172 2171
2619 2618
1962 1961
1962 1964
2355 2354
1943 1942
1944 1943
1944 2147
1944 1945
3745 3744
2356 2355
2087 1926
2087 2430
2087 2278
4085 4077
4085 4084
4086 4085
2319 2318
1964 1963
4083 4005
4083 4011
2376 747
2376 1959
4084 4005
3845 3844
4011 4073
2618 2617
2431 1952
2431 2489
2339 2338
653 652
698 697
451 533
1681 4156
1681 1693
2338 2337
2223 2222
2223 2247
2175 1964
4088 4078
4088 4086
4088 4135
1578 1577
2617 2616
3744 3764
3768 3748
3768 3845
2340 2337
2340 2339
547 416
547 417
2430 2341
2176 2175
1771 4156
2104 2102
2104 2103
763 596
763 670
4009 4008
15 1638
1905 1904
1905 1977
4008 4063
3748 3750
652 700
4156 4155
1942 1947
699 698
2616 2615
56 57
3905 3908
1770 4156
2273 2423
2273 2291
3765 3744
540 539
540 825
1792 1617
1792 1644
1792 1791
2527 2526
2435 2434
3767 3748
3767 3766
1925 2430
1925 2166
1925 2000
1615 1614
2318 2317
603 651
2528 2525
2526 2525
2528 2527
3766 3765
3766 3865
1702 1701
1959 2471
2166 2315
1904 1903
423 560
423 540
4077 4132
1614 1613
2615 2614
1703 1702
1701 1704
546 415
546 416
1616 1613
1616 1615
2434 2105
2434 2222
2317 2316
3906 3758
3906 3905
1704 1700
1704 1703
1946 1945
2614 2613
1577 1576
2316 2315
2341 2337
4064 4063
4065 4064
533 532
560 559
560 778
2171 2170
1961 1960
4063 4062
4134 4133
2613 3940
434 543
434 532
4133 4132
4135 4134
3750 3843
1705 1700
4155 4154
1947 1946
2000 1999
2105 2102
1617 1613
3843 3842
492 533
700 651
700 699
1948 1947
4136 4135
500 442
500 612
500 729
2429 2341
2429 2428
1680 899
1680 1770
2081 2077
2081 2105
4062 4060
1791 3854
493 492
4137 4136
778 777
2315 2352
2529 2081
2529 2525
899 898
3940 3936
2352 2351
545 415
545 544
3908 1705
3908 3907
1576 1645
3904 3762
3904 3903
2470 2469
3911 3910
4138 4078
4138 4118
4138 4137
2001 2000
1679 899
1679 1795
3756 3755
3756 3843
4087 3994
4087 4135
3912 3909
3912 3911
1923 2423
1939 1940
2326 2325
2326 2352
898 897
448 447
729 514
729 778
544 543
2177 2176
4118 4117
447 492
3907 3906
3983 3982
3983 4118
539 538
670 669
449 448
3842 3841
4154 4060
1720 1617
1720 1719
2178 1963
2178 2177
2428 1999
2428 2427
1957 1954
1957 1956
450 447
450 449
3993 3992
3994 3993
3994 4082
559 558
538 537
1956 1955
3982 3981
4061 4060
4061 4154
1903 1902
4100 3992
4100 4138
3865 3864
4141 4140
1719 1670
3981 4139
1955 1954
1670 1666
3992 4079
2078 2077
2328 2327
1940 1941
2399 1958
2027 2026
2399 2398
433 543
433 782
775 774
2179 1960
2179 1963
1994 1993
1994 2326
2170 2169
1920 2426
1920 1923
2080 2077
2080 2079
777 776
3841 3840
4117 4116
1645 1575
3808 3757
2329 2327
2329 2328
2002 1999
2002 2001
558 774
776 775
2079 2078
17 18
1575 1720
2517 2516
514 513
514 638
4081 4080
14 15
897 933
507 667
507 651
4082 4081
2325 2324
4153 4061
4153 4152
2169 2168
2020 2019
3854 1619
3854 3844
3854 3908
2327 2400
2168 1960
2324 2323
1958 1954
4140 4139
669 668
2433 1994
2433 2222
2433 2336
2433 2484
2351 2323
3840 3839
933 913
4080 4079
513 512
4116 4115
3910 3909
2426 2425
668 667
3864 3863
3839 3838
2471 2470
1902 1901
4076 4004
4076 4162
4076 4132
2026 2025
3838 3837
2400 1958
3809 3797
3809 3808
512 511
1921 2426
1921 1922
3804 3803
1669 1666
1667 1666
1669 1668
3837 3822
3837 3836
1646 1575
4139 4002
4139 4157
2424 2423
2425 2424
4162 4067
4162 4082
4162 4161
1668 1667
2360 1941
2360 2359
531 507
612 724
612 664
782 427
511 537
1993 2323
2469 2468
764 670
764 784
2494 782
2494 2025
1795 932
1795 1794
4159 4158
3836 3823
3836 3835
664 663
508 531
1678 1677
1678 1795
3939 3936
3939 3938
929 1575
929 918
2493 2025
2493 2377
427 493
1901 2402
509 508
510 509
510 537
637 754
783 427
3863 3867
4067 4066
4115 4114
2377 2471
2377 2467
912 929
912 911
2468 2467
2330 2400
2489 2180
2486 2427
754 616
754 636
638 637
638 721
638 664
2490 2489
4066 4101
4114 4113
2180 2168
2019 2180
2196 1945
2488 2019
2196 2359
2488 2196
2359 2516
2487 2486
2487 2516
636 635
602 583
602 667
784 783
4161 4160
4158 4157
3760 3759
3835 3834
3963 4079
3755 3754
583 582
928 918
4002 4001
4101 3963
4101 4142
2485 2427
2485 2484
2336 2335
3803 3802
724 663
2492 2467
2492 2491
2331 2330
2331 2490
3834 3833
3797 3913
635 634
582 784
3913 3796
3913 3909
2491 2331
3868 3913
3869 3868
3870 3869
3871 3870
3822 3755
3833 3832
1647 1001
1647 1646
974 918
974 927
974 973
2274 1922
2274 2336
616 615
4160 4143
3872 3871
983 982
634 633
4152 3934
3802 3820
932 913
932 984
3823 3822
4151 3934
4151 4150
3832 3831
3873 3872
579 578
580 579
580 606
580 582
927 926
4113 4112
4001 4000
606 817
615 614
3754 3844
3874 3873
4004 4003
633 632
3853 3754
3853 3852
2268 2544
984 983
2335 1919
3831 3830
551 577
4003 4150
4143 4142
3867 3862
2275 2544
499 721
499 515
3820 3866
722 721
723 722
614 613
663 723
3862 3861
917 916
917 928
926 1005
3980 3979
3980 4157
4150 4149
3935 3934
3830 3829
515 483
982 981
2086 2085
2086 2274
2086 2216
4112 4111
1677 853
1677 1001
815 672
814 720
815 720
814 813
613 644
813 479
882 3935
3875 3874
479 478
883 840
883 882
883 896
853 1148
1190 1677
632 552
3861 3878
611 610
611 724
816 672
911 910
2216 2269
2276 2275
812 428
812 479
483 662
969 968
2545 2544
981 984
4149 4148
57 58
3962 4101
3962 4044
3903 3902
817 816
3829 3828
1148 1147
4000 3999
552 551
578 577
3876 3875
805 804
3810 3797
577 631
3866 3798
840 839
610 461
806 805
3796 3795
804 1895
428 719
1191 1146
1191 1190
2085 2217
2269 2268
916 915
2218 2217
2218 2546
2218 2269
3814 3759
3814 3813
4102 4037
4102 4142
896 839
896 968
4111 4110
811 411
811 428
4044 4043
478 477
3852 3828
807 589
807 806
589 524
13 14
744 743
744 817
986 840
986 985
970 969
970 981
2546 2545
3938 3937
516 515
808 589
3877 3876
1005 925
1005 1004
3961 4109
3961 4044
810 411
809 808
810 809
3999 3998
915 914
3979 3978
3902 3901
839 985
2161 2160
2161 2546
2161 2277
3790 3753
3790 3853
2277 2276
4110 4109
3878 3877
3753 3752
743 605
4043 4042
482 662
765 581
765 744
884 1022
884 968
910 909
1095 852
1095 1094
1095 1148
1147 1146
3795 3878
987 1146
2160 2217
1895 301
3798 3828
3901 3900
895 894
895 985
718 410
3996 3995
631 474
631 552
4042 4041
3998 3997
3860 3795
3860 3859
4037 4059
1894 301
1894 1893
1192 987
1192 1160
719 407
719 718
517 516
517 645
1159 1158
644 643
524 523
524 773
3811 3810
742 605
742 741
4059 4038
973 1008
914 973
4038 4058
4041 3995
1893 1892
3859 3858
523 400
1094 938
400 401
474 473
474 741
4148 3984
3851 3798
3851 3896
4040 3995
4039 4038
4040 4039
1022 892
1022 970
3960 3930
3960 4109
894 893
3930 3997
3930 4024
522 401
650 404
650 407
522 810
4147 3984
4147 4146
3896 3895
645 644
1892 1891
1008 925
1008 1007
4146 4145
717 410
717 716
3789 3753
3789 3788
1158 972
1160 1159
3858 3857
3892 3891
3892 3896
429 719
429 715
925 924
909 908
4145 4144
1891 1810
1093 860
1093 938
1889 1856
1810 1845
441 647
441 645
2402 1815
1890 1810
1890 1889
2402 2277
3997 4012
3801 3800
3801 3892
753 616
972 971
1856 1883
852 940
885 1022
885 971
3850 3801
3850 3806
643 642
3806 3805
3978 4012
4103 4037
4103 4144
1883 1837
3813 3886
675 477
675 674
715 408
1193 1158
1193 1160
1876 1883
473 472
3800 3799
3900 3899
3752 3751
3788 3787
1092 860
1092 1091
1040 1039
1875 1876
3959 3958
3959 3978
892 891
892 893
1090 1193
1091 1090
4024 4013
674 673
940 851
940 939
408 409
4036 4035
4036 4144
1847 1875
893 1042
1039 1038
924 851
649 404
649 405
1815 1887
1041 1038
1041 1040
405 406
1888 1847
1888 1887
4025 4024
886 971
642 753
3885 3884
1845 1862
3958 4131
475 472
3886 3885
1835 1834
4013 4012
3805 3848
1836 1835
1834 1833
4035 4034
3955 3937
716 409
1007 1006
4014 4013
4026 4025
18 19
1042 1038
1042 1066
3895 3894
4131 3957
4131 4130
939 938
773 403
1088 1087
3891 3880
3857 3849
3857 3856
1837 1836
3751 1016
3751 1057
3956 3955
1857 1856
3884 3811
3884 3883
908 1618
647 646
3849 3806
3957 3956
1057 1056
4034 4033
685 741
887 886
3855 3849
3855 3881
4027 3948
4027 4026
891 890
1087 1086
740 739
4015 4014
851 1006
1833 1832
3881 3848
739 461
739 609
1194 888
1194 1193
3787 3786
3848 3783
3948 3944
3856 3855
3894 3893
3799 3848
3898 3897
3880 3799
3880 3893
430 715
430 648
4033 4023
1056 1055
471 459
471 475
3821 3856
3821 3827
923 851
923 922
3887 3774
3882 3812
3882 3821
3887 3886
3774 3897
3893 3879
1862 1861
456 685
1012 946
1012 1011
3883 3812
4028 3948
4130 4129
3899 3898
4032 4023
4032 4031
1006 1009
888 887
1066 1067
630 456
630 581
630 629
1089 1010
1089 1088
588 773
1858 1857
1619 1618
4031 4030
4016 4015
648 406
1816 1805
1816 1887
4022 4021
4022 4032
1011 1089
1055 1054
3888 3897
4029 4028
4104 3970
4104 4036
4104 4068
3786 3785
459 752
4030 4029
3947 3944
3945 3944
3947 3946
1086 850
4017 3943
4017 4016
1861 1860
322 321
322 588
322 432
3946 3945
1068 1067
1010 1086
467 581
467 675
4069 3949
4070 3949
4069 4068
890 889
1881 1880
402 403
1618 907
3933 1066
1882 1837
1882 1844
1882 1881
3933 4072
3783 3782
457 456
1054 906
1067 1065
1860 1859
4021 4020
1009 850
3847 3783
3847 3794
4071 4070
3785 3784
850 849
1832 1831
946 846
4129 4128
906 905
3793 3792
414 413
414 673
3889 3888
1853 1852
1053 906
1053 1052
3792 3791
646 494
1852 1854
431 648
431 590
772 398
772 402
609 608
3782 3770
3943 4124
1065 1064
4072 3932
4072 4071
1897 1896
1854 1853
3890 3889
460 459
460 647
1851 1850
1851 1874
1851 1862
4105 4068
1859 1858
1896 1899
676 673
1898 1897
4020 4093
1052 1051
1899 1898
848 847
849 848
1051 1050
1844 1802
458 457
905 904
922 921
1843 1884
1843 1844
3970 3969
907 1048
1050 1049
3794 3791
847 846
1821 1822
766 467
766 679
480 398
480 399
945 846
3932 3931
4106 4105
1016 1015
1826 1823
1826 1825
3827 3846
1850 1848
3773 3772
3773 3794
3773 3775
4018 3943
1825 1824
4128 4127
12 13
904 903
4093 4092
1195 888
1849 1848
889 1195
525 458
1824 1823
677 676
1069 1068
591 590
3931 4123
1049 1048
1828 1830
678 677
518 460
1855 1854
1855 1884
4019 4018
4019 4093
903 902
845 1046
845 945
1830 1829
3772 3771
1829 1828
1831 1830
3771 3770
1015 1014
752 525
592 591
752 751
1874 1873
1874 1877
1803 1900
1803 1855
4107 4106
4107 4123
3969 3968
4123 4122
4092 4091
1048 1047
1048 1119
3879 3784
1900 1899
1070 1069
481 399
481 590
902 901
1196 1195
1064 1063
1873 1872
3968 3967
4122 4121
1046 844
1863 1822
1863 1900
4127 4126
1872 1871
595 481
593 592
595 594
3781 3770
3781 3780
1871 1870
844 1047
844 1044
1870 1869
901 1120
1804 1863
1804 1827
58 59
1045 844
1014 1013
679 678
3846 3775
3846 3826
1071 1070
1869 1880
1132 3784
1063 1062
594 593
3780 3779
1827 1818
1827 1823
4108 12
4108 4123
866 931
921 1143
767 679
629 628
4121 3954
4121 4120
867 866
1062 1061
3779 3778
865 921
3778 3777
3776 3775
432 595
413 412
841 4108
3777 3776
931 864
931 865
608 444
3967 4119
1120 900
1120 1119
1072 1061
1072 1071
1805 1827
4091 4090
1880 1842
4126 4125
4120 4119
868 867
868 1197
1197 1196
869 1197
3826 3825
3954 3950
838 837
1842 1841
519 518
1133 1013
1133 1132
1044 1141
3953 3950
3953 3952
4119 4089
1131 836
1073 837
1073 841
1073 1061
4125 4124
870 869
3951 3950
412 308
1819 1818
3952 3951
900 1119
1820 1818
1820 1819
628 627
862 861
768 767
863 862
843 1045
843 1137
861 868
861 937
837 872
871 870
871 1000
4090 4089
1134 1121
1868 1806
1868 1842
751 726
727 751
836 1118
836 1117
3825 3824
1121 980
1121 1013
1121 1120
1135 1060
1135 1134
726 725
864 863
627 769
1141 1043
1141 1140
4124 3942
1060 900
1060 1059
1841 1840
318 432
318 319
1142 1043
1118 1117
769 550
769 768
1867 1806
1867 1807
1143 920
1143 930
1143 1142
872 1000
1136 1060
1807 1846
1140 1139
607 1452
607 444
1137 1136
1155 872
1155 873
1155 1145
1452 1451
1138 1137
1139 1138
725 519
725 791
4089 3966
937 936
1839 1840
19 20
930 864
934 937
1808 1846
319 307
319 370
770 368
770 550
936 935
1866 1808
1866 1817
935 934
1144 842
1144 930
1117 3824
308 307
308 318
1817 1811
1817 1886
1130 1118
1130 1129
980 1122
728 727
1886 1885
3966 3965
1145 842
1145 1116
1865 1864
1865 1886
3965 3964
1128 1127
1129 1128
11 4108
370 384
1864 1805
367 366
367 770
1122 1127
1451 1450
3964 4045
1115 1114
1116 1115
1123 1122
920 919
1114 1113
791 728
340 317
340 321
1812 1811
1814 1811
1814 1813
368 308
1127 979
1813 1812
1059 1058
377 320
377 368
1113 1112
366 310
384 385
876 875
1809 306
1112 876
1112 1111
1809 1877
320 307
320 371
875 874
874 873
365 310
365 309
1111 1110
4046 4045
1450 1449
59 354
1838 1864
979 1149
4047 4046
835 834
4048 4047
4049 4048
1058 1123
349 348
317 370
371 386
371 384
1878 346
1878 1877
1449 1448
1110 919
4050 4049
536 535
536 791
306 345
4051 4050
919 955
1156 833
1156 873
1163 1058
1163 1162
4052 4051
350 349
10 11
549 302
549 367
549 536
386 385
4053 4052
1109 919
1109 1108
834 833
376 341
376 386
348 347
955 954
4054 4053
833 859
4055 4054
1149 978
1448 1478
956 955
957 956
954 953
346 345
1150 1149
958 957
380 369
1151 1150
1108 952
953 1108
535 534
959 958
978 977
977 976
4056 4055
1879 346
1879 1838
341 317
1107 952
1035 1034
1036 1035
1107 1106
1124 1037
1124 1163
375 341
375 354
375 374
960 959
1034 1162
4057 4056
1152 1151
1153 1152
323 1879
1106 1105
1162 1154
387 81
387 534
976 975
347 306
967 960
967 966
1037 1036
1542 1534
1542 1541
1125 951
1125 1037
381 334
381 350
381 380
381 382
1476 1475
961 967
1105 1126
975 992
1475 1528
1477 1476
1154 1033
1154 1153
992 1023
1126 1125
1472 1542
1478 1477
966 965
324 323
1157 859
1157 961
1157 1021
951 950
20 21
1447 1446
1447 1478
1104 1103
1104 1126
1528 1474
1528 1527
1474 1473
1473 1472
332 331
331 330
333 330
333 332
302 81
965 964
1103 1102
1033 1032
950 947
1021 1020
1527 1526
1541 1540
354 353
948 947
949 947
949 948
338 335
338 337
1446 1445
374 355
325 324
342 302
342 353
337 336
336 335
1526 1525
9 10
1540 1539
1023 991
1539 1538
311 347
1525 1524
1024 1023
964 963
334 330
382 339
1032 1031
312 311
1524 1523
1025 1024
339 335
1538 1537
21 22
1018 1017
1535 1534
1523 1522
1017 962
1445 1444
963 962
1026 1025
1019 1018
329 81
313 312
326 325
1031 1085
343 305
343 353
1020 1003
1020 1019
1522 1521
1027 1026
1102 1101
1536 1535
1537 1536
351 334
351 355
1028 1027
1444 1443
1085 1030
1029 1028
1101 1100
1030 1029
1003 1002
1517 1516
1521 1520
1518 1517
373 351
373 383
1519 1518
1516 1515
1520 1519
1100 1099
1002 881
327 326
1515 1514
1514 1513
1512 1511
1513 1512
1443 1560
1511 1510
22 23
1510 1509
314 313
1529 81
1560 1439
1560 1559
1530 1529
8 9
1509 1508
1559 1558
383 382
1531 1530
1439 1438
991 990
1438 1437
1532 1531
1479 1439
1479 1442
1508 1507
857 854
857 856
1556 1555
1099 944
1558 1557
1557 1556
881 880
990 854
990 989
1084 1030
1084 1083
989 988
1507 1506
856 855
855 854
988 1176
23 24
1083 1082
1442 1441
1082 1178
1177 988
1506 1505
1555 1554
943 1189
1178 1081
1178 1177
1189 858
344 305
344 356
372 352
372 383
944 943
315 314
880 1164
1441 1440
1480 1479
328 327
1437 1436
858 79
858 1098
1098 944
1098 1097
1554 1553
24 8
24 25
942 941
942 1189
1481 1480
356 329
25 26
1081 1080
1482 1481
1482 1533
1553 1552
1505 1504
1080 1079
1164 879
1097 1096
1079 941
1078 941
1078 1077
1504 1503
60 354
1077 79
1533 1532
357 356
358 357
1552 1551
1503 1548
1076 79
1076 1075
1501 1500
26 27
31 60
1075 1074
1500 1499
1548 1502
1551 1550
1074 1096
1483 1533
1096 993
1502 1501
1550 1549
1484 1483
1549 1548
1499 1498
1485 1484
1430 1429
359 358
1431 1430
1498 1497
879 878
1429 1428
32 31
1432 1431
1486 1485
360 304
360 359
27 28
1433 1432
379 316
379 352
1497 1496
1428 1427
1180 1179
994 993
1188 79
1188 1187
1434 1433
1436 1435
1427 1426
1435 1434
1496 1495
878 877
995 994
316 315
1426 1425
1495 1494
28 29
30 1440
30 32
1440 29
1440 1561
1494 1493
1161 996
1161 1180
996 995
1493 1492
1425 1424
378 316
378 328
1176 1175
1492 1491
1423 1422
1424 1423
1187 1186
877 999
1489 1490
1422 1421
997 1161
1179 997
1186 1185
998 1179
1185 1184
999 998
1175 1174
1487 1486
304 303
1468 1467
1467 1466
1469 1468
1491 1490
1466 1465
1470 1465
1470 1469
1488 1487
1471 1465
1471 1563
1174 1173
361 304
1173 1172
1563 1562
1564 1547
1564 1563
1172 1171
362 361
1171 1170
1562 1561
1547 1546
1566 1565
1565 1547
363 362
1546 1545
1490 1453
1567 1566
1170 1169
1568 1420
1568 1488
1568 1567
1561 1573
1561 1464
1544 1546
1545 1544
1169 1168
1182 1181
1181 1165
1183 1182
1464 1463
1168 1167
1420 1543
1454 1453
1463 1462
1455 1454
1167 1166
1166 1165
1462 1461
1456 1455
1421 1458
1184 1183
1457 1456
1569 1568
1570 1569
1571 1570
364 363
1572 1571
1461 1460
1458 1457
1460 1459
1459 1458
1573 1572
