6146 6132
6198 5768
5709 5012
6496 6599
1859 1837
6519 6520
6519 6366
6252 6437
6109 6110
4202 4133
4120 4121
6257 6798
6257 6719
6710 6451
6029 6030
3774 3775
5998 5995
1453 1454
7378 7377
1695 1506
1695 1586
1802 1803
6251 6252
1893 1894
5768 5769
1635 1636
6599 6600
6564 6565
1839 1840
6264 6265
1928 1946
6565 6497
1852 1945
6217 6218
6520 6746
6263 6264
1948 1949
6265 4717
6798 6374
5708 5770
5708 5709
4399 4201
4133 4134
6099 6100
4200 4201
4200 3773
4200 4133
1920 1993
1920 1921
1505 1593
1505 1461
6132 6218
6132 6030
1496 1497
6258 6840
6258 6798
1586 1587
6720 6721
1869 1894
6262 6550
6262 6263
6550 6642
7429 7428
6339 6340
6339 6251
5993 6217
5993 5994
6028 6029
6028 5998
3773 3774
1730 1731
6654 6655
6261 6550
1838 1839
5957 6088
5957 5960
1696 1498
1696 1586
6259 6840
6260 6261
6259 6260
1636 1637
6100 6101
1666 1667
1803 1804
6218 5994
4290 4291
4290 3773
4290 4119
1955 2008
1955 1868
4119 4120
1497 1498
1837 1838
2008 2009
6340 6528
1587 1588
6715 6451
6314 6561
6314 6339
6145 5931
6145 6030
6110 6111
5847 6200
5847 5848
5847 5768
5769 5770
1949 1837
5991 5770
4291 4201
4717 7045
1945 1894
1804 1805
6133 6134
6133 5994
6375 6846
1640 1641
6497 6726
6497 6599
1588 1589
1637 1638
1860 1949
1860 1861
1593 1564
4718 7045
4718 4719
5707 5991
5707 5756
6374 6852
6374 6375
6653 6654
6653 6479
5757 5758
6480 6481
6642 6643
6642 6304
1927 1928
6341 6528
6341 6342
1564 1592
6023 5954
6101 6023
1592 1568
1589 1641
4719 4720
1861 1862
6643 6867
5848 6070
6867 6865
6726 6727
6726 6342
1454 1660
1870 1945
1870 1809
1590 1641
1591 1592
1590 1591
5931 6136
5931 6028
1697 1759
1697 1498
6134 6135
1759 1638
1759 1606
6644 6865
6469 6859
6469 6852
6644 6259
1455 1660
1455 1456
1809 1810
6479 6480
4720 4721
5954 6088
5954 5955
1456 1457
6376 6846
6376 6377
1956 2008
1956 1957
5758 6026
5756 5757
1862 1863
1813 1814
1813 1809
6796 6374
6796 6378
6088 6089
6111 6112
1457 1458
4721 4843
5849 6181
5849 6070
4723 4767
4843 4785
6779 6472
6779 6479
3949 4837
4722 4843
4722 4723
3949 4119
1638 1618
1939 1940
1939 1813
6328 6513
6026 6027
4767 4732
6200 6068
6144 5931
6144 6027
1871 1939
1871 1932
6481 6482
1932 1933
1667 1618
1504 1593
1504 1458
4732 4802
1921 1826
6434 6721
6434 6435
6378 6850
5706 5758
5706 5756
4741 4732
6727 6728
1940 1941
1805 1806
2009 2010
1957 1958
5850 6181
5850 5851
5909 5910
4743 4741
1699 1700
1699 1667
6136 6137
6136 6135
5852 5706
5851 5852
1606 1617
6435 6436
6068 6202
6068 6069
6850 6848
1594 1595
1594 1458
4781 4743
6135 5907
5910 5911
6089 6202
6470 6859
6470 6857
4837 4725
5908 5911
5908 5909
6857 6854
4724 4781
4724 4725
1605 1606
6143 6027
6482 6328
1827 1828
4785 4761
1700 1473
6724 6728
1826 1827
4804 4805
1617 1618
1933 1873
4803 4804
4805 4806
1595 1596
1704 1731
6377 6848
5955 5956
1616 1617
1604 1605
7423 7422
5907 5911
5907 5879
1810 1811
1473 1702
1473 1474
6069 6070
6304 6861
5855 5856
1814 1833
1863 1872
1863 1864
4802 4803
2010 5943
2010 5890
1703 1704
4766 4767
1828 1927
1828 1829
6112 5105
6472 6473
1872 1932
1702 1703
5890 5891
1596 1597
6422 6342
6142 6143
1865 1872
1865 1832
1603 1716
1603 1604
6137 6138
5856 5857
6344 6345
1615 1616
6202 5956
4806 4807
1832 1873
6345 6746
6345 6522
5705 6141
5705 5706
1958 1959
1873 1962
1716 1720
1864 1865
1811 1812
1941 1873
1807 1808
1833 1941
1833 1812
6795 6378
6795 6471
1597 1607
5891 5892
6729 6751
6729 6724
1904 1864
1904 1895
6090 6202
6090 6091
1825 1971
1830 1924
1830 1904
1825 1826
1971 1808
1812 1835
4761 4762
6756 6422
5948 6062
5948 5949
1829 1924
1602 1716
1474 1475
1806 1807
1598 1607
1598 1599
5956 5953
6141 6142
5879 5878
6498 6756
6498 6561
6498 6499
5854 5951
5854 5855
6551 6304
4765 4766
5104 5105
1599 1600
1614 1615
6471 6854
4836 4851
4836 4725
1608 1609
1608 1598
5949 5854
5892 5893
1824 1808
1601 1602
1503 1677
1503 1594
1503 1548
1959 1960
6751 6329
1600 1601
1717 1720
1719 1720
1717 1718
5857 6204
1613 1721
1613 1614
4762 4763
7014 7015
7014 6551
7014 6792
1718 1719
5877 5878
5951 5857
6735 6561
6735 6434
1547 1712
1546 1712
1547 1548
6138 6139
4734 4735
6863 6861
5105 6114
1744 5879
4733 4802
4733 4787
4733 4734
1744 1544
1962 1963
6755 6756
5893 6116
5878 5881
4763 4764
1609 1610
5953 6204
1875 1962
1875 1950
1545 1546
1960 1961
6204 6205
4807 4808
6062 6208
1475 1476
6116 6117
1952 1953
6831 6832
6831 6436
1823 1824
4770 4771
5894 6116
5894 5895
1953 1954
6473 6689
4771 4769
6794 6471
6794 6549
6305 6871
6305 6863
6522 6523
1963 1977
1721 1480
5881 5882
1544 1746
1544 1545
4713 4714
4769 4770
1822 1823
6750 6751
6750 6472
4773 4774
4773 4745
4773 4761
1502 1548
4764 4765
4714 4711
6432 6436
4712 4713
1610 1516
5895 5896
4711 4712
6206 6207
6205 6206
5896 5897
4787 4856
6754 6755
6117 6118
6091 6092
4790 4730
4790 4787
1677 1678
6114 5899
5897 5898
1950 1954
6207 6208
4824 4820
6313 6735
6313 6429
6717 6871
6717 6869
6063 6208
1746 1747
1501 1502
5943 5944
4815 4818
4815 4816
1895 1876
4774 4778
1974 1975
1974 1950
1974 1970
1612 1721
4816 4817
1476 1477
7430 7429
6118 6119
1516 1517
5704 6141
4777 4778
6139 5704
6639 6754
4817 4818
6431 6432
5876 5877
6548 6549
1747 1484
5898 5899
4812 4809
6430 6431
6652 6750
4768 4769
4768 4730
1611 1612
1611 1516
6119 6120
6209 5901
6209 6063
4809 4810
1975 1976
4810 4812
4808 4809
1976 1977
5944 5945
6329 6639
6547 6548
6329 6330
4745 4746
4745 4738
4853 4710
4853 4768
1500 1501
1500 1484
1678 1679
1484 1485
1517 1518
5899 5900
5899 5802
1835 1961
4710 4711
5875 5876
6716 6869
6716 6549
6120 6121
5703 5704
5882 5883
4746 4747
1679 1680
1485 1486
5901 6210
4757 4820
4757 4710
1477 1478
4747 4748
6544 6716
6546 6547
6544 6545
1964 1977
1964 1965
4748 4749
6210 5900
6210 5903
4749 4750
6121 5801
4852 4757
4852 4814
7377 7376
5902 6210
5945 5946
6429 6430
1876 1970
1876 1897
5874 5875
4750 4735
5785 1961
5883 5884
6545 6546
1965 1966
4814 4830
4814 4818
1499 7430
1499 1484
6168 6079
6092 5773
6312 6429
6499 6500
1486 1707
1486 1487
6167 6168
5884 5885
1966 1967
6170 6092
1967 1968
1969 1970
6792 6544
6832 6833
6216 1499
1968 1969
6079 6172
6079 6170
6523 6770
1680 1488
5801 6123
5801 5802
5873 5885
5873 5874
4851 4814
1518 1519
4735 4792
1478 1479
1487 1488
6166 6167
6166 5702
5702 5703
6165 5702
1897 1898
1707 1711
6220 6221
4792 4793
6651 6652
5784 5946
5784 5785
5903 5775
1708 1711
1708 1709
1488 1520
5788 6222
5872 6221
5872 6216
5872 5885
1479 1480
6164 6165
1710 1711
6833 7032
4828 4830
1709 1710
6123 5802
4827 4830
4827 4828
6500 6501
6174 6176
6311 6312
6173 6174
6211 5902
6211 5779
6176 6166
6176 6072
6221 6162
6163 6164
6163 5973
1519 1520
5782 5800
4752 4849
4752 4792
6330 6364
6362 6330
6222 5803
6222 5804
1898 1899
5800 6010
5800 5946
5800 5801
5781 5886
5781 5782
6364 6365
6172 6173
6501 6310
5775 5904
5775 5776
1480 1722
5886 6123
5886 5887
4793 4794
7018 6792
7018 7017
5774 5904
5803 5804
6310 6602
6310 6311
4753 4849
4753 4847
5773 6094
5773 6080
5773 5774
6162 5973
5780 5886
4847 4783
5776 5777
6524 5320
6524 6770
5779 5780
5761 6162
5761 6161
5761 5771
5320 5321
5778 5779
5777 5778
6365 6651
6365 6280
1520 1683
6072 6073
4796 4794
7422 7421
6080 6172
6075 6072
4845 4783
7017 7033
7017 6933
6309 6944
6309 6602
6073 6074
4754 4845
4754 4831
6074 6075
5772 6213
5772 6080
5804 1899
7032 7033
7032 7018
4831 4842
4831 4726
5789 5803
5789 5790
6010 5799
6361 6362
4726 4729
1683 1684
5771 6213
5771 5816
4755 4756
4755 4726
1684 1685
5791 5792
5790 5791
7431 1499
6933 6898
4756 4851
6946 6947
6946 6309
5799 5792
5321 5322
1685 1583
5817 5818
5816 5817
5798 5799
6094 6095
5818 5819
6280 6361
6987 7019
6987 7015
4841 4842
4839 4842
4839 4840
6944 7032
5792 6013
4840 4841
5887 5888
6924 7016
6924 6944
5819 5820
6947 7028
6898 6897
6158 6159
4844 7037
5820 6158
5820 5821
4844 4738
7016 7033
7016 6932
6159 6160
6160 6161
6948 7028
6948 7030
5821 5822
1582 1583
5322 5323
7376 6966
4798 4756
6013 5767
1581 1582
6225 6226
1580 1581
1579 1580
5888 5798
6973 6974
7019 6933
6932 6896
6932 6898
4737 6977
4737 4738
5323 5324
5822 6095
1578 1579
6617 6618
6617 6280
7037 6978
1577 1578
6095 6050
5760 6227
5760 6161
5750 5888
5750 5751
1576 1577
6972 6973
7432 7431
6603 7043
6603 6946
6603 6617
6896 6897
1575 1576
5823 6095
5823 5824
6226 6227
6925 6986
6925 6896
6974 6975
6050 6051
1574 1575
6227 6185
1573 1574
5767 6015
5324 5279
6049 6050
6048 6049
6051 6052
6977 6978
5766 5767
6047 6048
6915 6936
5765 5766
5824 6053
6052 5824
6618 6619
6046 6047
6015 6016
6016 6017
1572 1573
4736 6977
4736 4798
6986 7019
5825 6053
5914 5915
5913 5914
5825 5826
5795 5912
5795 5750
6926 6986
6926 6966
6926 6927
6045 6046
5915 5751
1570 1572
5764 5765
5763 5764
7012 4736
5826 5827
5751 5762
6893 7349
6893 6619
6017 6018
6975 7037
6031 6045
6031 6032
5912 5913
5204 5212
5204 5205
5794 6055
5794 5912
6914 6997
6914 6972
6914 6915
6914 6913
5281 5282
6043 6031
5827 5793
6018 5984
5282 5218
5280 5281
5762 5918
5762 5763
5984 5929
5793 5794
5286 5204
5279 5280
6032 6033
7011 7012
5759 6185
5759 6043
5759 5934
6055 6056
7421 7420
5325 5326
5325 5279
5828 5829
5828 5793
5218 5284
5218 5219
5284 5285
5285 5286
6999 7000
7000 7001
6998 7001
6998 6999
7043 7349
6033 6034
5829 5830
5918 5919
6056 6060
5934 5935
5219 5220
5205 5206
6966 6967
6058 6060
6057 6060
6057 6058
6993 6996
6993 6994
5326 5327
6927 6963
7010 7011
6984 7043
6984 6967
6994 6995
6995 6996
5220 5221
7433 7432
5206 5207
5929 5986
5207 5208
7025 6975
5221 5222
5928 5929
6034 6035
6997 7001
6913 6992
5919 5920
7024 7025
5222 5223
5927 5928
6992 6996
5208 5209
7420 7419
5937 5938
5211 5212
5223 5224
5938 6036
5327 5328
6035 6036
5926 5927
5936 5937
7004 7349
7023 7024
7009 7010
5920 5858
6983 7039
6983 6967
5935 5962
5935 5936
5224 5225
5925 5926
5830 5831
5210 5211
5209 5210
6970 6997
6970 6963
5924 5925
5328 5329
5858 5922
5923 5924
5831 5832
5922 5923
5962 5963
5229 5230
5225 5226
5228 5229
6928 6970
6928 6912
5227 5228
5230 5231
5226 5227
5832 5833
5963 6150
7008 7009
5231 5232
5232 5233
5234 5235
5233 5234
5329 5182
5235 5236
7419 7418
5236 5237
7022 7023
5217 7349
5182 5339
5182 5183
5216 5217
7434 7433
5237 5238
5183 5184
6912 6913
5215 5216
5339 5340
5986 5987
5340 5341
5214 5215
5278 5339
5278 5332
5238 5239
6194 6197
6194 6195
5186 5187
5833 6064
5184 5185
5185 5186
6150 6151
5987 6197
5987 5988
5859 5922
5859 5860
5988 5989
5239 5240
6195 6196
6196 6197
5989 5732
7418 7417
5860 5861
5332 5333
5861 5729
5730 5989
5240 5241
5187 5188
6065 5711
5729 5863
5729 5730
5711 6191
6982 7039
6982 6962
6929 6969
6929 6912
6064 6065
7021 7022
6151 5745
5333 5334
5277 5278
7007 7008
5341 5342
6191 7351
6191 5834
5834 6064
5834 5835
5188 5189
7417 7434
7417 7416
6066 6067
6066 5711
5276 5277
6962 7004
7416 7415
5863 5864
5275 5276
5275 5213
5189 5190
5241 5242
5864 5865
5745 6153
5835 5836
5865 6067
5866 6067
5866 5867
5242 5243
7375 6966
5867 7351
5213 5214
6961 6962
6960 6961
5190 5191
5243 5194
5868 7351
5868 5869
5246 5247
7415 7414
7410 7375
5869 5870
5247 5248
5194 5245
5191 5192
5870 5836
5274 5213
5836 5983
5245 5246
5192 5193
5273 5274
5193 5194
5248 5249
5272 5273
5348 5349
6959 6960
5347 5348
5249 5250
6153 6154
5349 5350
7409 7410
5346 5347
5271 5272
6958 7041
6958 6959
7414 7413
5345 5346
6921 7020
6921 6969
5250 5251
5350 5351
5727 5728
5982 5983
5712 7351
5712 5713
5344 5345
5342 5343
5351 5352
5343 5344
5251 5252
6154 6155
5981 5982
7020 7021
5352 5353
5252 5253
7413 7412
7411 5334
7411 7409
5334 7412
5334 5181
5253 5254
5752 5980
5752 5727
5980 5981
5254 5255
5353 5354
6922 7020
6922 7007
5732 5733
5255 5256
5355 5356
5354 5355
5713 5714
6155 5975
5259 5257
5356 5357
5978 5752
5728 5978
5714 5715
5976 5728
5715 5716
5975 5976
5733 5734
5270 5271
7041 7042
5293 5294
5294 5295
5292 5293
5256 5257
5295 5296
5291 5296
5291 5292
5269 5270
5290 5296
5290 5179
5734 5735
6957 7041
5735 5736
5179 5180
5178 5195
5178 5179
5736 5738
6956 6957
5738 5739
5180 5181
5195 5196
5176 5177
5177 5195
6955 6956
5196 5198
5257 5309
5175 5176
5739 5740
5172 5367
5172 5269
5172 5175
5181 5167
5181 5298
5199 5196
5198 5199
5740 5741
5718 5719
5719 5744
5717 5718
5298 5299
5741 5742
5367 5203
5308 5309
5299 5300
5307 5308
5742 5743
5743 5744
5300 5301
5306 5307
5357 5304
5716 5717
5305 5306
5171 5172
5170 5171
5169 5170
6954 6955
5168 5169
5301 5302
5304 5305
5302 5303
5303 5304
5167 5168
